10
SRR1239729 0.000000000 0.310957218 0.298591685 0.299989688 0.280777004 0.274631367 0.279522355 0.267014042 0.302499312 0.275733017 
SRR1240041 0.310957218 0.000000000 0.350372322 0.402759002 0.242742660 0.191518863 0.380200810 0.395317931 0.363183928 0.339601642 
SRR1239710 0.298591685 0.350372322 0.000000000 0.231924074 0.239996951 0.282283939 0.199792291 0.201915832 0.209495023 0.288062272 
SRR1239639 0.299989688 0.402759002 0.231924074 0.000000000 0.206056303 0.247840940 0.198133366 0.213513398 0.184474489 0.335347666 
SRR1240070 0.280777004 0.242742660 0.239996951 0.206056303 0.000000000 0.223662906 0.232025544 0.254860495 0.232204446 0.289635246 
SRR1239661 0.274631367 0.191518863 0.282283939 0.247840940 0.223662906 0.000000000 0.330375162 0.319033964 0.253723873 0.317511608 
SRR1239802 0.279522355 0.380200810 0.199792291 0.198133366 0.232025544 0.330375162 0.000000000 0.130388660 0.188317188 0.303564996 
SRR1239731 0.267014042 0.395317931 0.201915832 0.213513398 0.254860495 0.319033964 0.130388660 0.000000000 0.176444599 0.304138185 
SRR1239790 0.302499312 0.363183928 0.209495023 0.184474489 0.232204446 0.253723873 0.188317188 0.176444599 0.000000000 0.322871261 
SRR1239833 0.275733017 0.339601642 0.288062272 0.335347666 0.289635246 0.317511608 0.303564996 0.304138185 0.322871261 0.000000000 
