#IID	PC1	PC2	PC3	PC4	PC5	PC6	PC7	PC8	PC9	PC10
SRR1239729	0.146228	0.358602	0.828605	0.216493	-0.0470985	-0.0861551	0.00495242	-0.0747336	0.0234493	-0.317438
SRR1240041	0.67314	-0.239544	-0.0216337	-0.450364	-0.0824863	0.165126	-0.333977	-0.181515	-0.0557831	-0.323318
SRR1239710	-0.207728	-0.0202504	-0.068388	-0.295747	0.243562	-0.825142	-0.150151	-0.011064	-0.0506818	-0.314447
SRR1239639	-0.24515	-0.222809	-0.109055	0.550704	-0.0272947	0.120356	-0.667827	-0.0181124	-0.114411	-0.316936
SRR1240070	0.0696346	-0.181289	-0.172134	0.200346	-0.766963	-0.242026	0.375533	0.0385082	-0.067371	-0.314105
SRR1239661	0.335123	-0.283743	-0.0835507	0.337923	0.519118	0.00292034	0.360438	0.415448	0.122186	-0.314764
SRR1239802	-0.332006	-0.0366673	0.0519721	-0.299485	-0.137305	0.227934	-0.0610097	0.263984	0.7444	-0.31255
SRR1239731	-0.339694	-0.0113726	0.116715	-0.333584	0.0254893	0.331471	0.141555	0.353474	-0.636788	-0.313965
SRR1239790	-0.251668	-0.164796	-0.0466564	0.0120205	0.226948	0.196787	0.353758	-0.769526	0.0397437	-0.313144
SRR1239833	0.127032	0.788646	-0.491188	0.064168	0.0467774	0.10406	-0.00709347	-0.0116584	0.000975201	-0.321425
